0 7 0.973499
0 18 0.597746
0 26 0.281603
1 6 1.44921
1 20 1.72838
1 24 1.67839
2 13 1.59298
2 15 1.12645
2 22 1.43024
3 8 1.48839
3 12 1.75283
3 28 2.07473
4 9 0.696419
4 10 1.03586
4 25 1.09289
5 9 1.86682
5 10 1.52086
5 15 1.9542
6 14 1.10494
6 24 1.32076
6 27 1.31095
7 0 0.973499
7 18 0.758947
7 19 0.822982
8 3 1.48839
8 12 1.8348
8 28 0.607454
9 4 0.696419
9 10 0.404969
9 25 1.15039
10 4 1.03586
10 9 0.404969
10 25 1.09005
11 17 0.353553
11 21 1.15525
11 25 1.15676
12 3 1.75283
12 17 1.4151
12 21 0.671193
13 15 0.766877
13 22 0.266833
13 23 0.228035
14 24 0.313209
14 27 0.448219
14 29 0.742496
15 13 0.766877
15 22 0.807775
15 23 0.930215
16 13 0.813204
16 22 0.706612
16 23 0.818841
17 11 0.353553
17 12 1.4151
17 21 0.815843
18 0 0.597746
18 7 0.758947
18 26 0.656201
19 0 1.34082
19 7 0.822982
19 25 1.31947
20 14 0.866487
20 24 0.553624
20 29 0.390512
21 11 1.15525
21 12 0.671193
21 17 0.815843
22 13 0.266833
22 16 0.706612
22 23 0.466476
23 13 0.228035
23 16 0.818841
23 22 0.466476
24 14 0.313209
24 20 0.553624
24 29 0.491935
25 4 1.09289
25 9 1.15039
25 10 1.09005
26 0 0.281603
26 18 0.656201
26 27 1.19436
27 14 0.448219
27 24 0.6772
27 29 0.905207
28 8 0.607454
28 27 1.55425
28 29 1.44903
29 14 0.742496
29 20 0.390512
29 24 0.491935
Waypoint 0 is connected to: 7 18 26 
Waypoint 1 is connected to: 6 20 24 
Waypoint 2 is connected to: 13 15 22 
Waypoint 3 is connected to: 8 12 28 
Waypoint 4 is connected to: 9 10 25 
Waypoint 5 is connected to: 9 10 15 
Waypoint 6 is connected to: 14 24 27 
Waypoint 7 is connected to: 0 18 19 
Waypoint 8 is connected to: 3 12 28 
Waypoint 9 is connected to: 4 10 25 
Waypoint 10 is connected to: 4 9 25 
Waypoint 11 is connected to: 17 21 25 
Waypoint 12 is connected to: 3 17 21 
Waypoint 13 is connected to: 15 22 23 
Waypoint 14 is connected to: 24 27 29 
Waypoint 15 is connected to: 13 22 23 
Waypoint 16 is connected to: 13 22 23 
Waypoint 17 is connected to: 11 12 21 
Waypoint 18 is connected to: 0 7 26 
Waypoint 19 is connected to: 0 7 25 
Waypoint 20 is connected to: 14 24 29 
Waypoint 21 is connected to: 11 12 17 
Waypoint 22 is connected to: 13 16 23 
Waypoint 23 is connected to: 13 16 22 
Waypoint 24 is connected to: 14 20 29 
Waypoint 25 is connected to: 4 9 10 
Waypoint 26 is connected to: 0 18 27 
Waypoint 27 is connected to: 14 24 29 
Waypoint 28 is connected to: 8 27 29 
Waypoint 29 is connected to: 14 20 24 
